[1.  0.1 1. ] (0.59422 s)
Predicted   4   6
Actual           
0.0        50   0
1.0         0  50
2.0         0  50

[1.   0.01 1.  ] (0.60603 s)
Predicted   2   5
Actual           
0.0        50   0
1.0         0  50
2.0         0  50

[1.  0.1 0.1] (0.59746 s)
Predicted   4   9
Actual           
0.0        50   0
1.0         0  50
2.0         0  50

[1.   0.01 0.01] (0.60375 s)
Predicted   0   9
Actual           
0.0         0  50
1.0        50   0
2.0        50   0

